address:0.153323
address2:0.194443